#GSAS-II instrument parameter file; do not add/delete items!
beta-0:0.001
fltPath:63.183
Bank:1.0
sig-1:10.0
2-theta:90.0
sig-q:0.0
sig-0:0.0
sig-2:107.560574882
beta-1:3.63
Zero:-5.12346549402
difC:22594.9166896
X:0.0
Azimuth:0.0
Y:0.0
alpha:5.0
beta-q:0.0
Z:0.0
Type:PNT
difB:0.0
difA:-0.852338661506
